time_stamp	px_state	py_state	v_state	yaw_angle_state	yaw_rate_state	sensor_type	NIS	px_measured	py_measured	px_ground_truth	py_ground_truth	vx_ground_truth	vy_ground_truth
1477010443000000	0.312243	0.58034	0	0	0	lidar	6.94064e-310	0.312243	0.58034	0.6	0.6	5.19994	0
1477010443050000	0.714385	0.588575	7.07223	-2.51248e-17	1.16739e-17	radar	74.387	0.862916	0.534212	0.859997	0.600045	5.19975	0.00179686
1477010443100000	1.16102	0.493484	7.07461	-0.0688237	-0.00827428	lidar	0.18511	1.17385	0.481073	1.11998	0.600225	5.19943	0.00538996
1477010443150000	1.27667	0.513688	7.06966	0.192121	0.0387198	radar	1.81008	0.969149	0.397513	1.37996	0.600629	5.19898	0.0107781
1477010443200000	1.61355	0.594659	7.08885	0.245144	0.0529274	lidar	0.201643	1.65063	0.62469	1.6399	0.601347	5.19839	0.0179597
1477010443250000	1.82124	0.569764	6.33898	0.0935903	-0.0572556	radar	4.2477	1.62331	0.499091	1.89982	0.60247	5.19766	0.0269323
1477010443300000	2.15302	0.61607	6.35345	0.108316	-0.0294142	lidar	0.160122	2.18882	0.648739	2.1597	0.604086	5.19678	0.0376932
1477010443350000	2.36906	0.643185	5.59886	0.089216	-0.215649	radar	7.84117	1.96701	0.557117	2.41954	0.606284	5.19573	0.0502389
1477010443400000	2.64807	0.666152	5.60135	0.0777275	-0.21915	lidar	0.00305765	2.65526	0.66598	2.67932	0.609155	5.1945	0.0645654
1477010443450000	2.91512	0.656009	5.5169	0.020013	-0.419745	radar	0.506306	2.92034	0.645898	2.93904	0.612786	5.19309	0.080668
1477010443500000	3.15051	0.653385	5.47431	0.00447849	-0.392927	lidar	1.09565	3.01222	0.637046	3.19869	0.617267	5.19147	0.0985415
1477010443550000	3.43824	0.545713	5.50928	-0.158144	-0.875272	radar	1.49586	3.56096	0.485311	3.45825	0.622685	5.18963	0.11818
1477010443600000	3.74324	0.430869	5.58088	-0.288084	-1.13805	lidar	2.22809	3.89365	0.311793	3.71772	0.62913	5.18754	0.139576
1477010443650000	4.02276	0.516544	5.54275	-0.143745	-0.572992	radar	4.06923	4.19786	0.698311	3.97708	0.636689	5.18519	0.162724
1477010443700000	4.29686	0.507589	5.52588	-0.13858	-0.489722	lidar	0.341669	4.30935	0.578564	4.23632	0.645449	5.18256	0.187614
1477010443750000	4.55699	0.543063	5.44403	-0.0975803	-0.344527	radar	1.96989	4.61908	0.68951	4.49542	0.655498	5.17962	0.214238
1477010443800000	4.74448	0.651653	5.27689	0.00817828	-0.0815988	lidar	12.5317	4.35143	0.899174	4.75437	0.666921	5.17634	0.242587
1477010443850000	4.99694	0.649694	5.21607	-0.00135367	-0.0925636	radar	1.89575	5.20901	0.66599	5.01315	0.679804	5.1727	0.272649
1477010443900000	5.29879	0.645267	5.26944	-0.0108007	-0.102684	lidar	2.56593	5.51894	0.648233	5.27175	0.694234	5.16867	0.304413
1477010443950000	5.55673	0.652472	5.28612	-0.00587507	-0.084091	radar	1.6984	5.22834	0.639362	5.53013	0.710295	5.16422	0.337868
1477010444000000	5.85082	0.667882	5.32052	0.000876091	-0.0666589	lidar	1.64143	6.022	0.708619	5.78828	0.728072	5.15932	0.372999
1477010444050000	6.09469	0.593206	5.26456	-0.0535478	-0.148154	radar	3.70466	5.89392	0.373584	6.04618	0.747647	5.15393	0.409793
1477010444100000	6.35024	0.706881	5.23863	0.0211175	-0.02427	lidar	3.99149	6.34249	0.948833	6.30379	0.769103	5.14803	0.448233
1477010444150000	6.60135	0.737284	5.20276	0.0346962	-0.00313954	radar	0.68911	6.62134	0.836138	6.5611	0.792523	5.14157	0.488305
1477010444200000	6.84944	0.736323	5.18989	0.0291048	-0.0104682	lidar	0.266935	6.78214	0.714036	6.81808	0.817988	5.13452	0.52999
1477010444250000	7.09435	0.718731	5.12249	0.0131619	-0.032097	radar	3.21959	7.29121	0.630741	7.07469	0.845578	5.12685	0.573269
1477010444300000	7.31562	0.802761	5.07718	0.0567142	0.0270113	lidar	3.30027	7.13735	0.957217	7.3309	0.875373	5.11851	0.618123
1477010444350000	7.60544	0.813229	5.15965	0.0555812	0.0239012	radar	4.15055	8.08349	0.819605	7.58668	0.907449	5.10946	0.664531
1477010444400000	7.85575	0.793248	5.15174	0.0392446	0.00241579	lidar	0.485826	7.80533	0.719126	7.84199	0.941886	5.09966	0.712469
1477010444450000	8.10688	0.809603	5.10648	0.0417776	0.00447025	radar	2.50765	8.40453	0.884557	8.0968	0.978759	5.08907	0.761915
1477010444500000	8.34493	0.828212	5.08648	0.0463862	0.00986815	lidar	0.500493	8.24796	0.840322	8.35106	1.01814	5.07766	0.812843
1477010444550000	8.61134	0.912692	5.15176	0.0825575	0.0526681	radar	7.00079	8.45858	1.41118	8.60472	1.06011	5.06537	0.865226
1477010444600000	8.84859	0.971944	5.12988	0.103601	0.0741896	lidar	0.942687	8.74615	1.04858	8.85775	1.10473	5.05216	0.919037
1477010444650000	9.13626	1.00852	5.1794	0.110701	0.0777238	radar	6.72492	9.8809	1.1419	9.1101	1.15208	5.03798	0.974245
1477010444700000	9.37342	1.04336	5.15591	0.117955	0.0818104	lidar	0.721622	9.25579	1.04913	9.36172	1.20223	5.0228	1.03082
1477010444750000	9.6512	1.11227	5.2	0.138453	0.100259	radar	4.64735	10.1016	1.52474	9.61255	1.25524	5.00656	1.08873
1477010444800000	9.92305	1.23848	5.22653	0.18302	0.144923	lidar	3.52158	10.0484	1.44598	9.86254	1.31118	4.98922	1.14794
1477010444850000	10.1737	1.32344	5.1849	0.207688	0.165719	radar	4.88467	10.5377	1.72555	10.1117	1.37011	4.97074	1.20841
1477010444900000	10.3998	1.40663	5.15678	0.230074	0.18212	lidar	1.37757	10.2492	1.45907	10.3598	1.4321	4.95106	1.2701
1477010444950000	10.6347	1.48752	5.08833	0.251239	0.19805	radar	4.33094	10.9084	1.70343	10.6069	1.49721	4.93014	1.33298
1477010445000000	10.8614	1.52499	5.05999	0.250717	0.186636	lidar	1.1822	10.7313	1.45265	10.853	1.56549	4.90794	1.39701
1477010445050000	11.1256	1.57535	5.09096	0.252327	0.177078	radar	1.73306	11.4783	1.42876	11.0979	1.637	4.8844	1.46213
1477010445100000	11.4032	1.62664	5.12522	0.252995	0.167238	lidar	1.77345	11.587	1.61462	11.3416	1.71179	4.85948	1.52832
1477010445150000	11.6358	1.68357	5.08538	0.259801	0.166498	radar	0.933417	11.4763	1.53917	11.584	1.78992	4.83313	1.59551
1477010445200000	11.8663	1.75147	5.06852	0.270072	0.168942	lidar	0.398246	11.7788	1.74591	11.8251	1.87144	4.80531	1.66366
1477010445250000	12.1207	1.83848	5.11074	0.284491	0.174508	radar	1.39417	12.136	2.14937	12.0647	1.95639	4.77598	1.73273
1477010445300000	12.3629	1.87314	5.09589	0.277084	0.156229	lidar	0.585058	12.3226	1.78353	12.3029	2.04482	4.74508	1.80265
1477010445350000	12.6174	1.93368	5.12973	0.278472	0.147566	radar	0.943316	12.5457	1.77728	12.5394	2.13677	4.71257	1.87338
1477010445400000	12.8187	2.06642	5.09792	0.316593	0.183024	lidar	3.54702	12.5924	2.17509	12.7743	2.23227	4.67842	1.94485
1477010445450000	13.0831	2.17012	5.1717	0.331141	0.186412	radar	3.6431	13.2198	2.6644	13.0075	2.33137	4.64258	2.01701
1477010445500000	13.2867	2.31091	5.14552	0.368523	0.218711	lidar	2.76961	13.0875	2.40708	13.2388	2.43409	4.605	2.08981
1477010445550000	13.471	2.45129	5.05464	0.409042	0.256931	radar	11.1467	12.7087	3.12439	13.4682	2.54047	4.56565	2.16317
1477010445600000	13.719	2.57048	5.08164	0.427094	0.262506	lidar	0.870117	13.836	2.62479	13.6955	2.65053	4.52448	2.23703
1477010445650000	13.9396	2.68207	5.0631	0.44448	0.268504	radar	0.258653	13.8302	2.73893	13.9208	2.7643	4.48147	2.31134
1477010445700000	14.1674	2.83705	5.08491	0.476467	0.2892	lidar	0.781951	14.2106	2.94205	14.1439	2.88179	4.43656	2.38601
1477010445750000	14.4156	2.9449	5.13754	0.47974	0.272299	radar	1.46417	14.5568	2.87021	14.3646	3.00303	4.38974	2.46099
1477010445800000	14.622	3.02416	5.0931	0.47973	0.257628	lidar	2.10606	14.4616	2.90734	14.583	3.12802	4.34097	2.5362
1477010445850000	14.8525	3.17309	5.14064	0.501389	0.264317	radar	3.96822	14.6754	3.96041	14.7989	3.25679	4.29021	2.61157
1477010445900000	15.0591	3.3649	5.16004	0.544418	0.297558	lidar	1.38956	15.0261	3.5067	15.0122	3.38932	4.23744	2.68703
1477010445950000	15.2715	3.52772	5.15169	0.573906	0.316513	radar	2.61559	15.3685	4.14761	15.2228	3.52563	4.18263	2.76249
1477010446000000	15.484	3.71644	5.17917	0.608777	0.337402	lidar	0.869497	15.5236	3.82936	15.4306	3.66572	4.12575	2.83789
1477010446050000	15.6961	3.85015	5.16865	0.61934	0.330665	radar	0.898445	15.7234	3.4105	15.6355	3.80957	4.06678	2.91315
1477010446100000	15.9164	3.99761	5.17765	0.632099	0.326289	lidar	0.196518	15.9774	4.00094	15.8375	3.95719	4.00571	2.98817
1477010446150000	16.1133	4.16055	5.14287	0.658468	0.343143	radar	1.81436	16.3376	4.21632	16.0363	4.10854	3.94251	3.0629
1477010446200000	16.3105	4.35632	5.1658	0.690249	0.359004	lidar	0.509554	16.3313	4.44499	16.2319	4.26363	3.87716	3.13723
1477010446250000	16.5204	4.51937	5.17987	0.703702	0.352938	radar	0.627759	16.7586	4.48231	16.4242	4.42242	3.80966	3.21109
1477010446300000	16.6987	4.69069	5.16473	0.725872	0.358239	lidar	0.484082	16.6039	4.67344	16.613	4.5849	3.74	3.28438
1477010446350000	16.8539	4.88457	5.09238	0.769896	0.400051	radar	4.8577	16.9236	5.10119	16.7983	4.75103	3.66817	3.35704
1477010446400000	17.0192	5.10895	5.11663	0.809329	0.421087	lidar	0.710393	16.9955	5.21099	16.9799	4.92077	3.59416	3.42897
1477010446450000	17.1889	5.28177	5.087	0.829685	0.424208	radar	1.79146	17.3421	4.64623	17.1579	5.09409	3.51797	3.50008
1477010446500000	17.349	5.4652	5.07339	0.851231	0.424866	lidar	0.229666	17.2894	5.43542	17.3319	5.27094	3.4396	3.57028
1477010446550000	17.5047	5.63868	5.03068	0.872759	0.430643	radar	3.37864	17.6463	4.74597	17.5019	5.45128	3.35907	3.63949
1477010446600000	17.6979	5.76703	4.99572	0.864402	0.398605	lidar	1.7874	17.7853	5.62476	17.6679	5.63506	3.27637	3.70762
1477010446650000	17.8407	5.96694	4.96383	0.897829	0.421017	radar	1.33001	17.9216	6.07151	17.8297	5.82221	3.19151	3.77458
1477010446700000	18.0156	6.15591	4.97528	0.910747	0.411886	lidar	0.660028	18.1263	6.16985	17.9872	6.01269	3.10453	3.84027
1477010446750000	18.1639	6.36459	4.9822	0.935862	0.417483	radar	0.667439	18.1245	6.79027	18.1402	6.20641	3.01542	3.90462
1477010446800000	18.2868	6.59832	4.99819	0.972559	0.434455	lidar	0.55638	18.2164	6.66138	18.2888	6.40332	2.92421	3.96753
1477010446850000	18.4177	6.81325	4.99196	1.00099	0.444752	radar	0.302098	18.4022	7.02231	18.4328	6.60333	2.83093	4.0289
1477010446900000	18.566	6.95482	4.92789	0.998635	0.419276	lidar	2.29757	18.5422	6.76013	18.572	6.80638	2.7356	4.08867
1477010446950000	18.7135	7.16204	4.95112	1.01038	0.404287	radar	0.542695	18.8089	7.24388	18.7064	7.01237	2.63825	4.14672
1477010447000000	18.9095	7.30307	4.91817	0.991359	0.36243	lidar	4.15012	19.1441	7.18344	18.8359	7.22122	2.53893	4.20299
1477010447050000	18.9972	7.51147	4.86115	1.03198	0.397374	radar	4.28518	18.5479	7.4012	18.9604	7.43283	2.43767	4.25737
1477010447100000	19.0904	7.76667	4.89412	1.07295	0.419656	lidar	1.03079	19.0138	7.8688	19.0798	7.64712	2.3345	4.3098
1477010447150000	19.2098	7.97606	4.8924	1.08965	0.413908	radar	0.290142	19.3089	7.67375	19.1939	7.86397	2.22949	4.36017
1477010447200000	19.2903	8.18991	4.86991	1.11901	0.423564	lidar	1.5053	19.132	8.12845	19.3028	8.08329	2.12266	4.40842
1477010447250000	19.3882	8.40251	4.8677	1.13672	0.415607	radar	2.3167	19.0239	8.17194	19.4062	8.30497	2.01409	4.45445
1477010447300000	19.4832	8.55419	4.78175	1.14257	0.401091	lidar	4.32843	19.347	8.30741	19.5042	8.5289	1.90381	4.49819
1477010447350000	19.5729	8.76619	4.76208	1.16657	0.409158	radar	0.647459	19.6843	8.35902	19.5966	8.75494	1.7919	4.53956
1477010447400000	19.7341	8.93954	4.74098	1.15311	0.373459	lidar	4.28108	20.0039	8.8906	19.6835	8.983	1.67841	4.57848
1477010447450000	19.8064	9.16381	4.72264	1.18645	0.396236	radar	1.04073	19.6061	9.48659	19.7645	9.21294	1.56341	4.61488
1477010447500000	19.9375	9.38419	4.74448	1.19098	0.379722	lidar	2.84213	20.1574	9.45949	19.8398	9.44463	1.44697	4.64869
1477010447550000	19.9824	9.6091	4.70524	1.23485	0.418481	radar	2.87044	19.6163	9.76606	19.9093	9.67795	1.32916	4.67984
1477010447600000	20.0713	9.84363	4.72582	1.25328	0.41555	lidar	0.60446	20.1573	9.90876	19.9728	9.91275	1.21005	4.70826
1477010447650000	20.1311	10.0911	4.75657	1.27951	0.417215	radar	7.0117	19.1911	11.5493	20.0303	10.1489	1.08972	4.73389
1477010447700000	20.1809	10.3568	4.7979	1.31304	0.429908	lidar	0.763036	20.166	10.4687	20.0818	10.3863	0.968259	4.75666
1477010447750000	20.1975	10.593	4.77025	1.35912	0.466707	radar	3.14118	19.6775	10.803	20.1271	10.6247	0.845742	4.77652
1477010447800000	20.2573	10.861	4.81839	1.38368	0.467136	lidar	1.86617	20.371	11.0109	20.1663	10.864	0.722256	4.7934
1477010447850000	20.2863	11.1152	4.83995	1.41289	0.47092	radar	4.8656	19.4335	12.3402	20.1993	11.1041	0.597892	4.80727
1477010447900000	20.3208	11.3533	4.83843	1.4365	0.471016	lidar	0.00231048	20.3164	11.3483	20.2261	11.3449	0.472738	4.81807
1477010447950000	20.2686	11.6014	4.801	1.50976	0.545903	radar	11.3222	19.2063	12.2418	20.2466	11.5861	0.346889	4.82575
1477010448000000	20.34	11.8424	4.81326	1.51495	0.522835	lidar	4.52037	20.6141	11.9422	20.2608	11.8275	0.220439	4.83027
1477010448050000	20.3642	12.0766	4.82359	1.52351	0.489974	radar	3.46648	19.966	11.9688	20.2687	12.0692	0.093487	4.83159
1477010448100000	20.3525	12.3591	4.87725	1.5596	0.500528	lidar	1.14898	20.3263	12.4966	20.2701	12.3108	-0.0338694	4.82968
1477010448150000	20.3036	12.5979	4.84876	1.6162	0.551099	radar	3.57903	20.0192	12.4823	20.2652	12.5522	-0.161529	4.82451
1477010448200000	20.328	12.8386	4.84851	1.62923	0.536318	lidar	1.70409	20.498	12.8924	20.254	12.7933	-0.28939	4.81605
1477010448250000	20.3145	13.0708	4.83247	1.65691	0.541363	radar	2.13298	20.9151	12.2555	20.2363	13.0339	-0.417348	4.80428
1477010448300000	20.2791	13.2868	4.80004	1.68691	0.545176	lidar	1.10828	20.1943	13.1688	20.2122	13.2738	-0.545298	4.78918
1477010448350000	20.2397	13.5215	4.79875	1.71483	0.542913	radar	1.28604	19.858	13.5236	20.1818	13.5129	-0.673135	4.77072
1477010448400000	20.2196	13.7786	4.82439	1.73608	0.536291	lidar	1.21987	20.3245	13.8896	20.1449	13.7509	-0.800753	4.74892
1477010448450000	20.1633	14.0068	4.80944	1.77284	0.553502	radar	0.948383	20.3387	13.5307	20.1017	13.9878	-0.928043	4.72374
1477010448500000	20.1087	14.2603	4.83556	1.80177	0.554083	lidar	0.331493	20.1216	14.337	20.0521	14.2233	-1.0549	4.69521
1477010448550000	20.0365	14.4891	4.83109	1.83417	0.55854	radar	1.41869	19.6717	14.4038	19.9962	14.4573	-1.18121	4.66331
1477010448600000	19.9293	14.7412	4.86844	1.87667	0.57219	lidar	1.32166	19.781	14.773	19.934	14.6897	-1.30687	4.62805
1477010448650000	19.8619	14.9598	4.85259	1.89579	0.554343	radar	3.35262	20.1149	14.0165	19.8655	14.9202	-1.43177	4.58944
1477010448700000	19.829	15.1801	4.82585	1.90679	0.538383	lidar	2.06155	20.0208	15.2053	19.7908	15.1486	-1.55581	4.54751
1477010448750000	19.6972	15.3916	4.80922	1.97822	0.618884	radar	8.2224	20.0157	15.3443	19.7099	15.3749	-1.67887	4.50226
1477010448800000	19.665	15.5848	4.7483	1.98732	0.598702	lidar	3.54621	19.9131	15.554	19.6229	15.5989	-1.80085	4.45372
1477010448850000	19.5695	15.7915	4.7355	2.01521	0.595122	radar	1.34947	19.9388	15.0864	19.5298	15.8203	-1.92164	4.40193
1477010448900000	19.4663	16.0043	4.73563	2.04428	0.594436	lidar	0.00543951	19.4748	16.0098	19.4307	16.039	-2.04114	4.3469
1477010448950000	19.3636	16.213	4.73302	2.06244	0.571039	radar	1.77193	19.1556	16.0022	19.3257	16.2549	-2.15925	4.28868
1477010449000000	19.2532	16.3918	4.69486	2.09246	0.573529	lidar	0.796232	19.238	16.2719	19.2148	16.4679	-2.27586	4.22731
1477010449050000	19.1342	16.5896	4.6892	2.12255	0.576787	radar	0.292259	19.4007	16.2962	19.0981	16.6777	-2.39087	4.16284
1477010449100000	19.0052	16.7974	4.70384	2.15123	0.576243	lidar	0.0951479	19.0029	16.8387	18.9757	16.8841	-2.50418	4.0953
1477010449150000	18.8486	16.99	4.71623	2.20711	0.628464	radar	6.65423	18.8373	17.7112	18.8477	17.0872	-2.61571	4.02476
1477010449200000	18.6787	17.2202	4.78651	2.24091	0.628934	lidar	1.74868	18.6148	17.3832	18.7142	17.2866	-2.72534	3.95127
1477010449250000	18.5742	17.4241	4.77189	2.23108	0.555925	radar	6.00186	18.8177	17.0316	18.5752	17.4822	-2.83299	3.87489
1477010449300000	18.3627	17.6124	4.81957	2.27792	0.57335	lidar	3.89045	18.1023	17.5529	18.4309	17.674	-2.93858	3.79568
1477010449350000	18.2264	17.803	4.81119	2.2838	0.531311	radar	2.51963	18.2749	17.4877	18.2814	17.8617	-3.042	3.71372
1477010449400000	18.0928	17.9892	4.79819	2.30141	0.522892	lidar	0.899231	18.2094	18.0461	18.1268	18.0453	-3.14318	3.62906
1477010449450000	17.9174	18.1454	4.78682	2.34244	0.547919	radar	1.88061	18.3021	17.498	17.9671	18.2246	-3.24204	3.5418
1477010449500000	17.7829	18.2904	4.731	2.36473	0.544305	lidar	1.11964	17.9018	18.2183	17.8026	18.3994	-3.3385	3.45199
1477010449550000	17.6486	18.4723	4.7182	2.37265	0.518324	radar	6.75156	18.8558	18.1364	17.6334	18.5697	-3.43247	3.35973
1477010449600000	17.4557	18.6507	4.75504	2.40085	0.519685	lidar	0.458008	17.3845	18.7039	17.4595	18.7353	-3.5239	3.26509
1477010449650000	17.2748	18.7931	4.74258	2.4344	0.531922	radar	1.71734	17.7945	18.0801	17.281	18.8962	-3.61271	3.16817
1477010449700000	17.1117	18.9306	4.71016	2.45919	0.530884	lidar	0.354397	17.1762	18.8863	17.0983	19.0521	-3.69883	3.06904
1477010449750000	16.9445	19.1006	4.71634	2.47148	0.510932	radar	3.10194	16.9398	19.7311	16.9113	19.203	-3.78221	2.9678
1477010449800000	16.7279	19.2155	4.71629	2.51157	0.525145	lidar	2.66764	16.5734	19.052	16.7201	19.3488	-3.86278	2.86455
1477010449850000	16.5386	19.3685	4.73058	2.53465	0.524149	radar	3.22622	16.1674	20.2201	16.5251	19.4894	-3.9405	2.75938
1477010449900000	16.3163	19.5266	4.78197	2.56051	0.522676	lidar	0.866827	16.2338	19.6171	16.3262	19.6246	-4.01531	2.65237
1477010449950000	16.0933	19.6112	4.76682	2.60905	0.553366	radar	10.0242	16.4366	18.2742	16.1237	19.7545	-4.08716	2.54364
1477010450000000	15.8889	19.7542	4.78675	2.62951	0.545884	lidar	0.787132	15.9243	19.8703	15.9176	19.8789	-4.15602	2.43329
1477010450050000	15.6994	19.8786	4.76363	2.63687	0.508524	radar	3.28429	16.2328	19.2166	15.7082	19.9978	-4.22185	2.32141
1477010450100000	15.471	20.0291	4.81649	2.65544	0.500599	lidar	1.41706	15.4332	20.1836	15.4956	20.111	-4.28461	2.2081
1477010450150000	15.2614	20.1697	4.83447	2.66701	0.481733	radar	5.7832	14.3677	21.3406	15.2799	20.2185	-4.34427	2.09347
1477010450200000	15.071	20.3017	4.82488	2.67916	0.470325	lidar	1.88742	15.2016	20.4385	15.0613	20.3203	-4.4008	1.97763
1477010450250000	14.8414	20.3849	4.82438	2.7147	0.486802	radar	2.0648	14.7476	19.9571	14.84	20.4162	-4.4542	1.86068
1477010450300000	14.6254	20.5039	4.83566	2.73174	0.479476	lidar	0.674252	14.6665	20.6088	14.6161	20.5063	-4.50443	1.74272
1477010450350000	14.3902	20.5911	4.85057	2.76595	0.49815	radar	1.26336	13.841	21.0031	14.3897	20.5904	-4.55149	1.62386
1477010450400000	14.1439	20.6657	4.86583	2.79759	0.504392	lidar	0.731338	14.0521	20.5924	14.1611	20.6686	-4.59537	1.50421
1477010450450000	13.9077	20.7371	4.87328	2.83154	0.520662	radar	0.387865	13.8232	20.859	13.9304	20.7408	-4.63606	1.38386
1477010450500000	13.6355	20.8008	4.91629	2.86568	0.52766	lidar	1.80796	13.4686	20.7253	13.6977	20.807	-4.67357	1.26294
1477010450550000	13.3876	20.8325	4.92299	2.91612	0.569271	radar	2.52664	13.8263	20.4261	13.4632	20.8671	-4.70789	1.14153
1477010450600000	13.1409	20.8755	4.92562	2.94811	0.572645	lidar	0.171734	13.1072	20.8294	13.2271	20.9211	-4.73904	1.01975
1477010450650000	12.9087	20.9334	4.92042	2.97069	0.566415	radar	1.73543	13.2669	21.1579	12.9895	20.969	-4.76702	0.897694
1477010450700000	12.7054	20.9799	4.87427	2.99228	0.561047	lidar	1.84862	12.8729	21.0592	12.7506	21.0108	-4.79186	0.775469
1477010450750000	12.4535	21.0199	4.89431	3.02094	0.564122	radar	2.60492	11.5171	21.6724	12.5106	21.0465	-4.81358	0.653175
1477010450800000	12.2069	21.0579	4.90423	3.04535	0.560122	lidar	0.148488	12.2062	21.11	12.2695	21.0761	-4.83219	0.530912
1477010450850000	11.9676	21.0777	4.90279	3.07649	0.568306	radar	0.984815	12.3859	21.1066	12.0276	21.0996	-4.84773	0.408778
1477010450900000	11.7234	21.0505	4.88657	3.11865	0.582317	lidar	1.9322	11.6814	20.8651	11.785	21.117	-4.86022	0.286869
1477010450950000	11.4755	21.0372	4.88783	3.1544	0.590407	radar	1.11145	11.5265	20.6748	11.5418	21.1283	-4.86971	0.165281
1477010451000000	11.2575	21.032	4.85343	3.1824	0.589909	lidar	0.680005	11.363	21.0688	11.2982	21.1335	-4.87623	0.0441057
1477010451050000	11.0028	20.9937	4.86528	3.22214	0.601281	radar	4.18928	10.5558	20.5567	11.0544	21.1327	-4.87982	-0.076565
1477010451100000	10.7902	20.9569	4.82243	3.25671	0.60708	lidar	0.633944	10.8903	20.927	10.8105	21.1259	-4.88053	-0.196643
1477010451150000	10.5425	20.9546	4.81608	3.26554	0.56902	radar	5.46642	9.30535	21.3896	10.5666	21.1131	-4.8784	-0.31604
1477010451200000	10.2665	20.9795	4.87638	3.27241	0.545444	lidar	3.32782	10.189	21.209	10.3229	21.0943	-4.87349	-0.434674
1477010451250000	10.0277	20.9608	4.87226	3.29226	0.535887	radar	1.01907	9.97958	21.2932	10.0795	21.0697	-4.86585	-0.552463
1477010451300000	9.83033	20.9222	4.81462	3.31995	0.538459	lidar	1.68997	9.99634	20.9797	9.83658	21.0391	-4.85554	-0.669327
1477010451350000	9.59648	20.9125	4.78713	3.32152	0.49561	radar	2.49659	9.38223	21.111	9.59422	21.0028	-4.84262	-0.785189
1477010451400000	9.40035	20.8602	4.73466	3.35061	0.501347	lidar	1.10215	9.53921	20.8762	9.35258	20.9607	-4.82714	-0.899977
1477010451450000	9.17788	20.8194	4.72363	3.37209	0.498064	radar	1.49852	9.63392	20.9724	9.11177	20.9128	-4.80919	-1.01362
1477010451500000	8.89126	20.7851	4.80076	3.38497	0.484069	lidar	2.14797	8.70331	20.8221	8.87192	20.8594	-4.78881	-1.12605
1477010451550000	8.67503	20.7069	4.78207	3.41775	0.494443	radar	4.41998	9.84634	20.009	8.63315	20.8003	-4.76608	-1.2372
1477010451600000	8.40295	20.6218	4.8411	3.44527	0.495903	lidar	2.73793	8.22277	20.4839	8.39557	20.7358	-4.74108	-1.34701
1477010451650000	8.1747	20.542	4.84298	3.4734	0.501395	radar	0.07386	8.29647	20.4978	8.1593	20.6657	-4.71387	-1.45542
1477010451700000	7.93347	20.4615	4.86078	3.49673	0.49924	lidar	0.133913	7.88599	20.45	7.92445	20.5903	-4.68453	-1.56237
1477010451750000	7.71707	20.3759	4.86169	3.52797	0.513977	radar	3.4559	8.29081	20.6565	7.69111	20.5096	-4.65313	-1.66781
1477010451800000	7.41518	20.3164	4.9582	3.53179	0.489633	lidar	3.63783	7.18029	20.392	7.45939	20.4237	-4.61975	-1.7717
1477010451850000	7.18513	20.2193	4.95642	3.55428	0.485064	radar	0.233274	7.09214	20.1196	7.22939	20.3326	-4.58448	-1.87399
1477010451900000	6.92215	20.1365	5.00058	3.56668	0.472072	lidar	0.833766	6.81542	20.1859	7.00119	20.2364	-4.54738	-1.97462
1477010451950000	6.69851	20.0443	4.9862	3.58324	0.461334	radar	0.503261	6.89359	20.1536	6.7749	20.1352	-4.50854	-2.07357
1477010452000000	6.45024	19.9533	5.01234	3.59643	0.45078	lidar	0.442016	6.38914	20.0137	6.55059	20.0292	-4.46805	-2.17079
1477010452050000	6.23435	19.8593	4.99567	3.61355	0.445384	radar	2.83614	6.67637	20.2142	6.32834	19.9183	-4.42598	-2.26625
1477010452100000	5.97221	19.766	5.04067	3.62144	0.429919	lidar	1.00045	5.86119	19.8306	6.10823	19.8027	-4.38241	-2.35993
1477010452150000	5.74522	19.6209	5.07485	3.65798	0.454476	radar	1.94441	5.28178	19.5036	5.89034	19.6824	-4.33744	-2.45178
1477010452200000	5.56256	19.4995	5.02613	3.68495	0.459734	lidar	1.21734	5.69089	19.5755	5.67472	19.5577	-4.29114	-2.5418
1477010452250000	5.36126	19.3505	5.02225	3.71725	0.471534	radar	1.71358	5.9506	18.9859	5.46145	19.4284	-4.24359	-2.62995
1477010452300000	5.14596	19.2494	5.0135	3.72717	0.457824	lidar	1.94825	5.17021	19.4397	5.25059	19.2948	-4.19488	-2.71622
1477010452350000	4.95323	19.1369	4.96392	3.73787	0.437744	radar	4.64318	5.87397	19.301	5.04219	19.157	-4.1451	-2.80059
1477010452400000	4.78589	18.9866	4.92367	3.77005	0.449135	lidar	0.669152	4.89149	18.982	4.8363	19.015	-4.09432	-2.88305
1477010452450000	4.57801	18.8369	4.95002	3.79478	0.456207	radar	1.48694	3.98679	19.0452	4.63297	18.8689	-4.04263	-2.96359
1477010452500000	4.39813	18.7053	4.92095	3.81423	0.453361	lidar	1.12114	4.4685	18.834	4.43224	18.7188	-3.99012	-3.0422
1477010452550000	4.21482	18.5629	4.88619	3.82918	0.438246	radar	1.37667	4.69245	18.4634	4.23416	18.5648	-3.93685	-3.11888
1477010452600000	4.08507	18.4077	4.81819	3.86409	0.453243	lidar	2.09839	4.26269	18.481	4.03876	18.4071	-3.88293	-3.19362
1477010452650000	3.90067	18.2363	4.87668	3.90034	0.483549	radar	7.22562	3.42434	18.8357	3.84606	18.2457	-3.82841	-3.26644
1477010452700000	3.65162	18.0947	4.94295	3.89704	0.453244	lidar	2.60289	3.45919	18.167	3.65611	18.0807	-3.77339	-3.33732
1477010452750000	3.48776	17.9432	4.89022	3.91115	0.436356	radar	3.37589	4.3011	17.9267	3.46891	17.9122	-3.71795	-3.40627
1477010452800000	3.26495	17.7761	4.94135	3.91833	0.419836	lidar	1.19895	3.12525	17.7493	3.28449	17.7402	-3.66215	-3.47331
1477010452850000	3.08572	17.5932	4.97855	3.94723	0.437248	radar	2.42377	2.65664	17.888	3.10287	17.565	-3.60609	-3.53844
1477010452900000	2.90618	17.475	4.94296	3.94833	0.416233	lidar	6.15158	2.9449	17.8154	2.92405	17.3866	-3.54982	-3.60167
1477010452950000	2.7616	17.2603	4.97841	3.99532	0.456233	radar	3.26142	3.26647	17.0897	2.74805	17.2051	-3.49344	-3.66302
1477010453000000	2.58709	17.0752	4.98906	4.01313	0.450762	lidar	0.0741926	2.55407	17.0853	2.57486	17.0205	-3.437	-3.72251
1477010453050000	2.42396	16.9076	4.93855	4.01921	0.422552	radar	2.00139	2.55039	16.8884	2.4045	16.833	-3.38059	-3.78014
1477010453100000	2.2596	16.7351	4.93223	4.03261	0.414553	lidar	0.516282	2.25371	16.8334	2.23695	16.6427	-3.32428	-3.83595
1477010453150000	2.08755	16.539	4.93027	4.04282	0.395757	radar	5.0301	1.57735	16.0489	2.07221	16.4497	-3.26812	-3.88995
1477010453200000	1.9326	16.3093	4.96347	4.07052	0.403427	lidar	2.25652	1.88972	16.1054	1.91027	16.254	-3.21219	-3.94216
1477010453250000	1.77724	16.1322	4.9278	4.07657	0.381392	radar	1.12921	1.74362	16.2687	1.75112	16.0557	-3.15656	-3.99261
1477010453300000	1.57524	15.9629	4.95645	4.06931	0.352986	lidar	1.8823	1.44745	16.0853	1.59474	15.8549	-3.10129	-4.04132
1477010453350000	1.44666	15.7336	4.99617	4.10754	0.384157	radar	1.93336	1.6097	15.5526	1.44111	15.6517	-3.04644	-4.08832
1477010453400000	1.2753	15.5162	5.03484	4.11893	0.375179	lidar	0.883136	1.18395	15.4284	1.29021	15.4463	-2.99207	-4.13364
1477010453450000	1.12119	15.3229	5.02384	4.12642	0.360301	radar	1.01886	0.828993	15.528	1.14201	15.2386	-2.93825	-4.1773
1477010453500000	0.913033	15.1051	5.09454	4.12198	0.335247	lidar	2.66805	0.722706	15.0075	0.996486	15.0288	-2.88503	-4.21933
1477010453550000	0.768777	14.9234	5.04216	4.12385	0.311336	radar	2.56622	1.03147	15.2134	0.853604	14.8169	-2.83246	-4.25977
1477010453600000	0.661255	14.7085	5.0192	4.15092	0.323879	lidar	0.362279	0.737301	14.7047	0.71333	14.603	-2.78061	-4.29864
1477010453650000	0.548229	14.4688	5.05231	4.18481	0.349679	radar	1.66027	0.722177	14.2445	0.575628	14.3872	-2.72952	-4.33598
1477010453700000	0.375671	14.2472	5.09508	4.18631	0.332039	lidar	1.0136	0.253435	14.2029	0.440459	14.1696	-2.67925	-4.37181
1477010453750000	0.254739	13.9971	5.16233	4.22002	0.36225	radar	3.2027	-0.0328023	13.9604	0.307779	13.9502	-2.62984	-4.40617
1477010453800000	0.230215	13.749	5.10338	4.27602	0.403514	lidar	3.53525	0.459172	13.6856	0.177545	13.7292	-2.58135	-4.43909
1477010453850000	0.126915	13.5069	5.13832	4.30338	0.417165	radar	1.12019	0.0524412	13.6377	0.0497099	13.5065	-2.53381	-4.47061
1477010453900000	-0.0365096	13.2771	5.18018	4.29955	0.389772	lidar	1.49322	-0.190344	13.2856	-0.0757753	13.2823	-2.48728	-4.50075
1477010453950000	-0.153002	13.0578	5.14706	4.3058	0.369786	radar	1.01246	-0.275043	13.1456	-0.198962	13.0566	-2.44179	-4.52955
1477010454000000	-0.16677	12.8311	5.07446	4.35474	0.404277	lidar	3.30934	0.0462308	12.9301	-0.319903	12.8295	-2.39739	-4.55704
1477010454050000	-0.283742	12.605	5.04622	4.35584	0.375863	radar	3.50021	-0.684792	12.3563	-0.438654	12.6011	-2.35412	-4.58326
1477010454100000	-0.401041	12.3691	5.06608	4.3623	0.361974	lidar	0.35968	-0.476482	12.3633	-0.555273	12.3714	-2.31202	-4.60823
1477010454150000	-0.522175	12.1596	5.03552	4.358	0.3328	radar	3.87467	-0.972122	12.5207	-0.669818	12.1404	-2.27111	-4.63198
1477010454200000	-0.601737	11.9392	5.01417	4.37448	0.333066	lidar	0.531333	-0.582624	12.0386	-0.78235	11.9083	-2.23144	-4.65456
1477010454250000	-0.724273	11.7111	5.01434	4.37081	0.307098	radar	2.905	-1.26757	11.6495	-0.892931	11.6751	-2.19304	-4.67598
1477010454300000	-0.912959	11.4676	5.08606	4.34458	0.260244	lidar	4.4437	-1.17212	11.3988	-1.00163	11.4409	-2.15594	-4.69628
1477010454350000	-1.01501	11.2417	5.04025	4.34312	0.234274	radar	3.17432	-0.891441	10.959	-1.1085	11.2057	-2.12017	-4.71549
1477010454400000	-1.18825	11.0138	5.08254	4.32045	0.196276	lidar	2.66785	-1.39289	11.0424	-1.21362	10.9695	-2.08575	-4.73364
1477010454450000	-1.26997	10.7693	5.10873	4.34273	0.216832	radar	1.06129	-1.29894	10.9012	-1.31706	10.7324	-2.05273	-4.75075
1477010454500000	-1.39897	10.5157	5.14928	4.3406	0.202374	lidar	1.06481	-1.49687	10.4198	-1.41889	10.4945	-2.02111	-4.76686
1477010454550000	-1.48611	10.2549	5.18914	4.35999	0.217884	radar	1.35248	-1.59293	10.0212	-1.51917	10.2559	-1.99093	-4.78198
1477010454600000	-1.58689	10.0435	5.16041	4.36179	0.20847	lidar	2.01168	-1.61875	10.2374	-1.61797	10.0165	-1.96221	-4.79615
1477010454650000	-1.67552	9.81379	5.13498	4.36744	0.20006	radar	0.548891	-1.59702	9.96554	-1.71539	9.77637	-1.93498	-4.80939
1477010454700000	-1.75333	9.59233	5.10703	4.37799	0.200954	lidar	0.785359	-1.73381	9.71347	-1.81147	9.53564	-1.90924	-4.82172
1477010454750000	-1.86128	9.34197	5.15023	4.38304	0.200382	radar	2.60814	-2.27191	9.37316	-1.90631	9.29431	-1.88502	-4.83316
1477010454800000	-1.9437	9.05107	5.20439	4.39849	0.205621	lidar	4.09264	-1.93833	8.77028	-1.99998	9.05243	-1.86233	-4.84374
1477010454850000	-2.02994	8.82761	5.1601	4.39823	0.188087	radar	1.8596	-1.96565	9.13274	-2.09256	8.81003	-1.8412	-4.85347
1477010454900000	-2.12684	8.57566	5.17875	4.40117	0.180902	lidar	0.214646	-2.1768	8.5411	-2.18412	8.56717	-1.82164	-4.86238
1477010454950000	-2.25229	8.32313	5.21092	4.39132	0.158914	radar	3.03722	-2.65862	8.19477	-2.27474	8.32388	-1.80365	-4.87047
1477010455000000	-2.30324	8.08827	5.17794	4.4098	0.170622	lidar	0.655534	-2.21875	8.15339	-2.3645	8.0802	-1.78726	-4.87778
1477010455050000	-2.3689	7.87414	5.12403	4.41661	0.166206	radar	5.48177	-2.273	8.52315	-2.45348	7.83617	-1.77248	-4.8843
1477010455100000	-2.48128	7.62321	5.15443	4.41037	0.150234	lidar	0.814768	-2.59674	7.60288	-2.54177	7.59184	-1.75931	-4.89006
1477010455150000	-2.64057	7.38962	5.15588	4.37371	0.0890059	radar	6.15891	-3.08256	7.38874	-2.62944	7.34723	-1.74777	-4.89507
1477010455200000	-2.74437	7.13334	5.18309	4.37222	0.0824032	lidar	0.430287	-2.79865	7.064	-2.71658	7.10238	-1.73786	-4.89933
1477010455250000	-2.80915	6.89853	5.16845	4.38722	0.0990046	radar	1.4919	-2.79412	7.20818	-2.80326	6.85734	-1.72958	-4.90286
1477010455300000	-2.85493	6.68793	5.10414	4.40252	0.110323	lidar	2.42389	-2.74651	6.86867	-2.88957	6.61214	-1.72295	-4.90566
1477010455350000	-2.92242	6.4642	5.04619	4.39977	0.0883867	radar	4.22513	-2.57673	6.36755	-2.97559	6.36681	-1.71797	-4.90774
1477010455400000	-2.97825	6.22659	5.02933	4.412	0.0967168	lidar	0.329989	-2.90217	6.22989	-3.0614	6.12139	-1.71464	-4.90911
1477010455450000	-3.09504	5.98046	5.06685	4.40186	0.0817588	radar	3.43759	-3.50172	6.10796	-3.14709	5.87592	-1.71297	-4.90976
1477010455500000	-3.17658	5.70747	5.10892	4.40725	0.0828902	lidar	1.63356	-3.1778	5.53101	-3.23274	5.63043	-1.71295	-4.9097
1477010455550000	-3.28558	5.4608	5.11203	4.38927	0.0460495	radar	2.48228	-3.19736	5.19093	-3.31843	5.38496	-1.71458	-4.90893
1477010455600000	-3.38078	5.20008	5.14471	4.388	0.0421998	lidar	0.619568	-3.43031	5.10507	-3.40424	5.13955	-1.71787	-4.90745
1477010455650000	-3.45042	4.95422	5.14489	4.39795	0.0546285	radar	0.145345	-3.4281	4.94644	-3.49026	4.89422	-1.72281	-4.90525
1477010455700000	-3.5626	4.67825	5.2077	4.39177	0.0454612	lidar	2.26801	-3.69435	4.52196	-3.57657	4.64902	-1.72939	-4.90233
1477010455750000	-3.67234	4.42592	5.21717	4.37355	0.00940604	radar	2.46047	-3.50501	4.17643	-3.66325	4.40398	-1.73763	-4.89868
1477010455800000	-3.80267	4.15669	5.2787	4.36103	-0.00348162	lidar	2.81073	-4.00238	4.04684	-3.75039	4.15913	-1.74749	-4.8943
1477010455850000	-3.88564	3.91568	5.27004	4.36812	0.01111	radar	1.07147	-4.06447	4.10977	-3.83806	3.91452	-1.75899	-4.88918
1477010455900000	-3.95873	3.68158	5.24012	4.37246	0.0145105	lidar	0.588629	-3.88053	3.75177	-3.92635	3.67019	-1.77212	-4.8833
1477010455950000	-4.0624	3.47318	5.19254	4.35488	-0.0165815	radar	4.30317	-4.23729	3.88878	-4.01533	3.42616	-1.78686	-4.87666
1477010456000000	-4.15301	3.22846	5.19456	4.35435	-0.0162541	lidar	0.00425254	-4.15119	3.21968	-4.10509	3.18248	-1.8032	-4.86925
1477010456050000	-4.26919	2.97444	5.22401	4.33947	-0.0402652	radar	0.940739	-4.27467	2.88187	-4.19571	2.93919	-1.82113	-4.86104
1477010456100000	-4.35776	2.70217	5.25948	4.34326	-0.0337384	lidar	1.28109	-4.32451	2.55034	-4.28727	2.69633	-1.84065	-4.85202
1477010456150000	-4.44581	2.45247	5.26126	4.34647	-0.025736	radar	0.135797	-4.38481	2.39989	-4.37985	2.45393	-1.86173	-4.84218
1477010456200000	-4.54949	2.18922	5.2936	4.34483	-0.0250887	lidar	0.698986	-4.61223	2.09192	-4.47352	2.21205	-1.88436	-4.83149
1477010456250000	-4.66016	1.95554	5.28699	4.32229	-0.068374	radar	4.25064	-4.29257	1.92854	-4.56836	1.97072	-1.90853	-4.81994
1477010456300000	-4.77405	1.6845	5.33543	4.31924	-0.0661877	lidar	1.62919	-4.86829	1.53442	-4.66444	1.72998	-1.93422	-4.80751
1477010456350000	-4.89846	1.43499	5.35975	4.30242	-0.0903987	radar	0.762391	-4.98165	1.43611	-4.76186	1.48989	-1.9614	-4.79417
1477010456400000	-4.95831	1.19874	5.31178	4.30964	-0.0808219	lidar	4.74137	-4.66779	1.28643	-4.86066	1.25049	-1.99007	-4.7799
1477010456450000	-5.05538	0.97901	5.26922	4.30551	-0.07958	radar	1.07158	-4.98594	1.10894	-4.96095	1.01182	-2.02019	-4.76468
1477010456500000	-5.117	0.74481	5.22791	4.31202	-0.0709638	lidar	3.86986	-4.85498	0.825661	-5.06277	0.77393	-2.05174	-4.74848
1477010456550000	-5.21034	0.454059	5.30071	4.31607	-0.0666152	radar	5.18282	-4.84736	0.18101	-5.16621	0.536876	-2.08471	-4.73127
1477010456600000	-5.2856	0.212796	5.27784	4.31971	-0.0605132	lidar	1.46526	-5.1231	0.257311	-5.27133	0.300706	-2.11906	-4.71303
1477010456650000	-5.39574	-0.0220112	5.26047	4.32023	-0.0457524	radar	5.8472	-5.99809	-0.290765	-5.3782	0.0654719	-2.15477	-4.69374
1477010456700000	-5.46767	-0.261333	5.2369	4.32523	-0.0391865	lidar	1.57974	-5.29972	-0.212982	-5.4869	-0.168772	-2.1918	-4.67335
1477010456750000	-5.58797	-0.449272	5.1753	4.30337	-0.0668374	radar	4.02483	-5.64447	-0.144522	-5.59748	-0.401971	-2.23014	-4.65185
1477010456800000	-5.72448	-0.637464	5.12545	4.27997	-0.0906744	lidar	2.98157	-5.85359	-0.445801	-5.71001	-0.634069	-2.26974	-4.62919
1477010456850000	-5.83843	-0.866407	5.14772	4.26149	-0.121959	radar	5.56569	-5.30947	-0.724468	-5.82456	-0.865006	-2.31058	-4.60536
1477010456900000	-5.93377	-1.13101	5.1843	4.26802	-0.106491	lidar	1.22539	-5.87835	-1.26863	-5.94118	-1.09472	-2.35262	-4.58032
1477010456950000	-6.02279	-1.39633	5.21721	4.2759	-0.0917808	radar	2.6567	-5.68069	-1.52871	-6.05993	-1.32316	-2.39581	-4.55404
1477010457000000	-6.16074	-1.60492	5.19496	4.2568	-0.108848	lidar	1.21426	-6.27263	-1.50938	-6.18087	-1.55025	-2.44014	-4.52648
1477010457050000	-6.30272	-1.84187	5.25507	4.23002	-0.151191	radar	4.43174	-6.11355	-1.75966	-6.30406	-1.77593	-2.48555	-4.49762
1477010457100000	-6.40857	-2.08906	5.26591	4.23115	-0.140974	lidar	0.392982	-6.34007	-2.13685	-6.42954	-2.00014	-2.532	-4.46742
1477010457150000	-6.55952	-2.29444	5.24251	4.20948	-0.157308	radar	3.20403	-6.99344	-2.17445	-6.55738	-2.22281	-2.57946	-4.43585
1477010457200000	-6.70821	-2.50409	5.22902	4.1902	-0.170808	lidar	0.601164	-6.79288	-2.4458	-6.68761	-2.44386	-2.62788	-4.40288
1477010457250000	-6.86333	-2.71833	5.23508	4.16931	-0.187721	radar	1.28305	-7.14408	-2.67584	-6.82029	-2.66323	-2.6772	-4.36847
1477010457300000	-6.95701	-2.98235	5.26307	4.18347	-0.159737	lidar	2.2259	-6.8003	-3.10086	-6.95546	-2.88084	-2.7274	-4.3326
1477010457350000	-7.08634	-3.20648	5.24731	4.17862	-0.153038	radar	0.216379	-7.13937	-3.22028	-7.09316	-3.09663	-2.7784	-4.29523
1477010457400000	-7.21117	-3.40287	5.20601	4.16626	-0.159854	lidar	1.42769	-7.12118	-3.26434	-7.23344	-3.3105	-2.83017	-4.25632
1477010457450000	-7.35745	-3.64895	5.24129	4.16164	-0.154591	radar	4.42434	-7.77186	-4.08999	-7.37632	-3.5224	-2.88265	-4.21586
1477010457500000	-7.51536	-3.79287	5.15714	4.1267	-0.188498	lidar	5.11743	-7.49009	-3.49081	-7.52184	-3.73223	-2.93579	-4.1738
1477010457550000	-7.6595	-4.00281	5.16157	4.1143	-0.194214	radar	0.496955	-7.52393	-3.88213	-7.67004	-3.93992	-2.98953	-4.13012
1477010457600000	-7.8148	-4.22836	5.18255	4.10529	-0.192828	lidar	0.473477	-7.88049	-4.29783	-7.82094	-4.14538	-3.04381	-4.08479
1477010457650000	-7.96579	-4.44655	5.18923	4.09695	-0.190654	radar	0.37431	-8.08524	-4.57834	-7.97457	-4.34854	-3.09857	-4.03778
1477010457700000	-8.12824	-4.68125	5.22378	4.09022	-0.186544	lidar	1.19671	-8.22492	-4.79812	-8.13095	-4.5493	-3.15376	-3.98906
1477010457750000	-8.26884	-4.88509	5.16722	4.08882	-0.169759	radar	2.53747	-8.453	-4.95621	-8.2901	-4.74759	-3.2093	-3.93862
1477010457800000	-8.4031	-5.10232	5.16553	4.08809	-0.160817	lidar	0.25678	-8.33552	-5.1059	-8.45204	-4.94331	-3.26514	-3.88641
1477010457850000	-8.54978	-5.27253	5.08738	4.07542	-0.16117	radar	4.13151	-8.55062	-4.79248	-8.61678	-5.13637	-3.32121	-3.83242
1477010457900000	-8.74079	-5.47066	5.10666	4.0534	-0.176914	lidar	1.73384	-8.91477	-5.51752	-8.78433	-5.32669	-3.37745	-3.77663
1477010457950000	-8.89984	-5.66808	5.09318	4.04423	-0.17559	radar	0.372981	-9.04115	-5.69364	-8.95469	-5.51417	-3.43377	-3.71901
1477010458000000	-9.05807	-5.85418	5.07922	4.03184	-0.179999	lidar	0.173711	-9.03391	-5.80267	-9.12788	-5.69872	-3.49012	-3.65955
1477010458050000	-9.19728	-6.01386	4.99397	4.02253	-0.176735	radar	6.4872	-8.86897	-5.41973	-9.30388	-5.88026	-3.54643	-3.59823
1477010458100000	-9.37555	-6.1211	4.91863	3.98334	-0.212833	lidar	5.19412	-9.30811	-5.82368	-9.4827	-6.05868	-3.60261	-3.53503
1477010458150000	-9.5502	-6.30435	4.92263	3.97011	-0.21522	radar	0.895563	-9.80646	-6.41174	-9.66432	-6.23389	-3.6586	-3.46994
1477010458200000	-9.69311	-6.50912	4.92989	3.97427	-0.198012	lidar	0.444079	-9.62547	-6.55958	-9.84874	-6.4058	-3.71431	-3.40295
1477010458250000	-9.91202	-6.67137	4.97455	3.93991	-0.228527	radar	6.95322	-10.6688	-6.35543	-10.0359	-6.57431	-3.76969	-3.33404
1477010458300000	-10.1154	-6.83416	4.98247	3.91504	-0.243751	lidar	0.670424	-10.2246	-6.83402	-10.2259	-6.73933	-3.82463	-3.26321
1477010458350000	-10.2991	-6.99725	4.99052	3.89756	-0.251047	radar	1.06992	-10.2205	-6.71044	-10.4186	-6.90075	-3.87907	-3.19046
1477010458400000	-10.5284	-7.1746	5.0346	3.87289	-0.2641	lidar	3.55156	-10.7616	-7.29159	-10.614	-7.05849	-3.93293	-3.11577
1477010458450000	-10.7321	-7.31901	5.03541	3.84739	-0.278893	radar	1.99553	-10.8944	-6.83335	-10.8121	-7.21245	-3.98613	-3.03916
1477010458500000	-10.9777	-7.47809	5.07699	3.81655	-0.297366	lidar	3.59065	-11.2219	-7.56979	-11.0128	-7.36252	-4.03859	-2.96062
1477010458550000	-11.1658	-7.62028	5.04035	3.80038	-0.298693	radar	1.27219	-10.986	-7.3707	-11.2161	-7.50862	-4.09021	-2.88015
1477010458600000	-11.3187	-7.77202	4.99833	3.79896	-0.28414	lidar	3.12769	-11.0934	-7.6776	-11.422	-7.65064	-4.14093	-2.79777
1477010458650000	-11.5134	-7.90112	4.96806	3.77855	-0.291329	radar	1.88457	-11.4213	-7.46085	-11.6304	-7.78849	-4.19066	-2.71349
1477010458700000	-11.6954	-8.0056	4.91724	3.75499	-0.302443	lidar	3.24736	-11.5269	-7.8215	-11.8413	-7.92208	-4.23932	-2.6273
1477010458750000	-11.8886	-8.12131	4.85093	3.73395	-0.309051	radar	2.01502	-11.9422	-7.88317	-12.0546	-8.05131	-4.28682	-2.53924
1477010458800000	-12.1047	-8.21203	4.83104	3.69951	-0.330823	lidar	0.917194	-12.09	-8.08828	-12.2702	-8.17609	-4.33309	-2.44932
1477010458850000	-12.3288	-8.34085	4.89442	3.67978	-0.333757	radar	2.63192	-12.4462	-8.02117	-12.4881	-8.29633	-4.37802	-2.35756
1477010458900000	-12.5339	-8.4209	4.85737	3.64887	-0.350429	lidar	2.03703	-12.4231	-8.2599	-12.7082	-8.41193	-4.42156	-2.26399
1477010458950000	-12.739	-8.51038	4.79792	3.62243	-0.361849	radar	1.8914	-12.7461	-8.19449	-12.9304	-8.5228	-4.4636	-2.16863
1477010459000000	-13.0163	-8.59788	4.84913	3.58032	-0.387733	lidar	4.19363	-13.2911	-8.64594	-13.1547	-8.62886	-4.50407	-2.07151
1477010459050000	-13.2624	-8.69986	4.89865	3.5564	-0.391099	radar	2.77787	-13.7929	-8.47158	-13.381	-8.73002	-4.54289	-1.97267
1477010459100000	-13.4856	-8.74568	4.86667	3.51779	-0.413055	lidar	2.12986	-13.384	-8.57583	-13.6092	-8.82619	-4.57997	-1.87214
1477010459150000	-13.7009	-8.79146	4.79004	3.48031	-0.435856	radar	4.02302	-13.6376	-8.26344	-13.8392	-8.91729	-4.61524	-1.76997
1477010459200000	-13.9302	-8.89662	4.80804	3.46905	-0.42373	lidar	0.730321	-13.9959	-8.99264	-14.0709	-9.00324	-4.64861	-1.6662
1477010459250000	-14.1792	-8.98804	4.88301	3.45446	-0.411529	radar	2.8737	-14.4737	-8.79552	-14.3043	-9.08395	-4.68001	-1.56086
1477010459300000	-14.4048	-9.09431	4.89015	3.4489	-0.394717	lidar	0.540736	-14.4273	-9.1875	-14.5391	-9.15936	-4.70936	-1.45402
1477010459350000	-14.6338	-9.1659	4.8744	3.42895	-0.396156	radar	0.251825	-14.5757	-9.32634	-14.7754	-9.22939	-4.73658	-1.34573
1477010459400000	-14.918	-9.16483	4.90624	3.37227	-0.43627	lidar	2.25538	-15.062	-9.04396	-15.013	-9.29397	-4.76161	-1.23603
1477010459450000	-15.175	-9.2386	4.93861	3.35631	-0.42864	radar	4.49722	-15.6189	-9.69365	-15.2517	-9.35302	-4.78436	-1.125
1477010459500000	-15.4406	-9.34816	4.98697	3.35566	-0.404691	lidar	5.26662	-15.6682	-9.56749	-15.4916	-9.40649	-4.80476	-1.01269
1477010459550000	-15.6838	-9.37921	4.94625	3.32277	-0.423843	radar	2.04613	-15.9382	-9.35751	-15.7324	-9.45431	-4.82275	-0.899159
1477010459600000	-15.9423	-9.45994	4.97491	3.31559	-0.407828	lidar	2.1053	-16.0862	-9.59819	-15.9741	-9.49642	-4.83827	-0.784484
1477010459650000	-16.1934	-9.47111	4.95553	3.27911	-0.428839	radar	2.33618	-16.6033	-8.85459	-16.2164	-9.53277	-4.85124	-0.668734
1477010459700000	-16.4455	-9.46537	4.95616	3.24135	-0.446735	lidar	0.57395	-16.4229	-9.37029	-16.4594	-9.5633	-4.8616	-0.55198
1477010459750000	-16.6649	-9.46572	4.90187	3.2101	-0.46073	radar	5.22574	-16.011	-9.33486	-16.7027	-9.58797	-4.8693	-0.434301
1477010459800000	-16.9475	-9.45154	4.94589	3.17117	-0.47714	lidar	1.54835	-17.1132	-9.43043	-16.9464	-9.60673	-4.87427	-0.315773
1477010459850000	-17.1996	-9.50837	4.97359	3.17253	-0.445348	radar	7.77855	-16.9255	-10.8571	-17.1903	-9.61954	-4.87646	-0.196479
1477010459900000	-17.4602	-9.52481	4.98991	3.15407	-0.440861	lidar	0.501429	-17.5448	-9.57485	-17.4342	-9.62636	-4.87583	-0.0765024
1477010459950000	-17.7176	-9.51503	4.98525	3.12395	-0.453143	radar	1.71094	-18.1371	-9.39146	-17.6781	-9.62717	-4.87232	0.0440703
1477010460000000	-17.9726	-9.48274	4.99312	3.0904	-0.464789	lidar	0.224974	-17.9724	-9.42299	-17.9216	-9.62194	-4.86588	0.165151
1477010460050000	-18.2167	-9.44627	4.97041	3.0544	-0.483842	radar	0.763411	-18.3083	-9.18778	-18.1648	-9.61064	-4.85648	0.286648
1477010460100000	-18.4225	-9.48689	4.91303	3.05944	-0.453479	lidar	2.24912	-18.2763	-9.60997	-18.4074	-9.59325	-4.84408	0.40847
1477010460150000	-18.6593	-9.47273	4.9159	3.04417	-0.44166	radar	1.68123	-18.2443	-9.58547	-18.6493	-9.56977	-4.82864	0.530522
1477010460200000	-18.9078	-9.46342	4.91936	3.02919	-0.433923	lidar	0.266482	-18.9545	-9.51544	-18.8904	-9.54017	-4.81012	0.652707
1477010460250000	-19.1385	-9.42465	4.91422	3.00696	-0.431531	radar	3.96398	-18.6983	-9.02886	-19.1305	-9.50447	-4.78851	0.774927
1477010460300000	-19.3828	-9.30907	4.93093	2.95217	-0.466982	lidar	3.02693	-19.2983	-9.09865	-19.3694	-9.46265	-4.76378	0.897083
1477010460350000	-19.6163	-9.23447	4.9102	2.91315	-0.490191	radar	1.1878	-19.7037	-8.79906	-19.6069	-9.41472	-4.73591	1.01907
1477010460400000	-19.8672	-9.11402	4.9422	2.86321	-0.516797	lidar	1.415	-19.8731	-8.96417	-19.8431	-9.36071	-4.70487	1.1408
1477010460450000	-20.1037	-9.01436	4.95165	2.8258	-0.528739	radar	5.00876	-20.3815	-7.6755	-20.0775	-9.30061	-4.67066	1.26215
1477010460500000	-20.2833	-9.13064	4.8163	2.87731	-0.448939	lidar	14.6812	-20.1607	-9.59663	-20.3102	-9.23446	-4.63328	1.38303
1477010460550000	-20.5225	-9.08644	4.82519	2.86619	-0.43395	radar	1.55184	-20.4587	-9.7448	-20.5409	-9.16227	-4.59271	1.50334
1477010460600000	-20.7432	-8.9926	4.82207	2.83365	-0.445542	lidar	0.704003	-20.6596	-8.91527	-20.7696	-9.08409	-4.54895	1.62296
1477010460650000	-20.985	-8.91138	4.83572	2.80801	-0.450994	radar	2.41553	-21.5568	-8.5005	-20.9959	-8.99994	-4.50202	1.74179
1477010460700000	-21.1821	-8.84249	4.79279	2.78878	-0.448302	lidar	1.40009	-21.0195	-8.85081	-21.2198	-8.90987	-4.45191	1.85972
1477010460750000	-21.4153	-8.75406	4.79828	2.76279	-0.455544	radar	1.89469	-21.8628	-8.64129	-21.4412	-8.81393	-4.39865	1.97666
1477010460800000	-21.6097	-8.7262	4.7339	2.76305	-0.432383	lidar	1.9909	-21.5029	-8.87191	-21.6597	-8.71217	-4.34224	2.0925
1477010460850000	-21.8023	-8.58397	4.69658	2.70563	-0.486288	radar	6.71972	-21.9514	-7.41274	-21.8754	-8.60465	-4.2827	2.20712
1477010460900000	-22.0059	-8.50814	4.67311	2.69077	-0.476739	lidar	0.287858	-21.9793	-8.57089	-22.0881	-8.49143	-4.22007	2.32043
1477010460950000	-22.2152	-8.3989	4.6862	2.66945	-0.468581	radar	1.90019	-22.1914	-7.70392	-22.2975	-8.37258	-4.15437	2.43232
1477010461000000	-22.4449	-8.3031	4.70494	2.6536	-0.46029	lidar	1.13584	-22.5838	-8.35296	-22.5035	-8.24817	-4.08564	2.5427
1477010461050000	-22.637	-8.18532	4.68332	2.623	-0.473338	radar	0.999298	-22.3177	-8.57758	-22.7061	-8.11829	-4.01391	2.65145
1477010461100000	-22.8702	-7.95437	4.79285	2.56052	-0.511748	lidar	5.70215	-22.9861	-7.6724	-22.9049	-7.98301	-3.93923	2.75848
1477010461150000	-23.0611	-7.80591	4.77364	2.51597	-0.547023	radar	3.79636	-23.2693	-8.32031	-23.1	-7.84243	-3.86163	2.8637
1477010461200000	-23.2879	-7.63235	4.836	2.4824	-0.55205	lidar	2.18974	-23.4777	-7.56583	-23.2911	-7.69663	-3.78118	2.967
1477010461250000	-23.4866	-7.49185	4.85149	2.46893	-0.526185	radar	1.56268	-23.473	-7.02103	-23.4781	-7.54572	-3.69792	3.06828
1477010461300000	-23.6539	-7.34653	4.82298	2.44214	-0.527399	lidar	0.684569	-23.5408	-7.36069	-23.6609	-7.3898	-3.61191	3.16746
1477010461350000	-23.844	-7.18715	4.83678	2.41948	-0.519598	radar	0.880354	-24.0505	-6.56968	-23.8393	-7.22897	-3.52321	3.26445
1477010461400000	-24.0072	-7.08914	4.76567	2.41206	-0.502533	lidar	2.07452	-23.9384	-7.26171	-24.0132	-7.06336	-3.43189	3.35916
1477010461450000	-24.1747	-6.9077	4.76991	2.37453	-0.520261	radar	2.01281	-24.3577	-5.94086	-24.1825	-6.89307	-3.33801	3.45149
1477010461500000	-24.3347	-6.66064	4.83189	2.32103	-0.546648	lidar	3.35179	-24.2574	-6.4352	-24.347	-6.71823	-3.24166	3.54138
1477010461550000	-24.5018	-6.48452	4.82747	2.28896	-0.560161	radar	3.52939	-24.788	-7.18367	-24.5066	-6.53896	-3.14289	3.62873
1477010461600000	-24.6032	-6.33961	4.73735	2.26096	-0.562516	lidar	5.40031	-24.3008	-6.43799	-24.6612	-6.35538	-3.0418	3.71347
1477010461650000	-24.7437	-6.14998	4.73451	2.22894	-0.567423	radar	0.335372	-24.6108	-6.00878	-24.8107	-6.16764	-2.93846	3.79553
1477010461700000	-24.9249	-5.94816	4.78328	2.20616	-0.560472	lidar	2.6115	-25.146	-5.91902	-24.955	-5.97587	-2.83295	3.87484
1477010461750000	-25.0553	-5.74382	4.78699	2.17457	-0.562205	radar	1.87413	-24.8975	-5.02285	-25.094	-5.7802	-2.72537	3.95132
1477010461800000	-25.1886	-5.56995	4.76067	2.15327	-0.556095	lidar	0.32512	-25.1941	-5.64372	-25.2276	-5.58079	-2.61581	4.02492
1477010461850000	-25.3408	-5.38417	4.7705	2.14389	-0.526301	radar	1.28008	-25.5328	-5.4399	-25.3556	-5.37777	-2.50435	4.09557
1477010461900000	-25.4834	-5.16173	4.80625	2.11661	-0.526308	lidar	0.61624	-25.5713	-5.10241	-25.4779	-5.1713	-2.39109	4.16322
1477010461950000	-25.6147	-4.98303	4.78836	2.11038	-0.492453	radar	6.47072	-25.0178	-6.55904	-25.5946	-4.96152	-2.27613	4.22781
1477010462000000	-25.7286	-4.80715	4.74795	2.09133	-0.487881	lidar	0.569361	-25.6952	-4.89995	-25.7055	-4.7486	-2.15956	4.2893
1477010462050000	-25.8495	-4.60167	4.75257	2.07286	-0.476524	radar	0.28004	-25.8162	-4.40681	-25.8105	-4.53268	-2.04149	4.34764
1477010462100000	-25.96	-4.36102	4.78832	2.04172	-0.483031	lidar	0.530473	-25.9516	-4.26659	-25.9096	-4.31392	-1.92202	4.40279
1477010462150000	-26.0703	-4.14104	4.78967	2.0023	-0.519135	radar	10.9337	-26.8953	-4.43966	-26.0027	-4.0925	-1.80125	4.45471
1477010462200000	-26.1604	-3.86194	4.85795	1.96165	-0.532325	lidar	2.09819	-26.1198	-3.67723	-26.0897	-3.86856	-1.67928	4.50337
1477010462250000	-26.2352	-3.6261	4.85656	1.91422	-0.572901	radar	3.60901	-26.5652	-3.85723	-26.1706	-3.64227	-1.55623	4.54875
1477010462300000	-26.265	-3.35983	4.87271	1.86409	-0.593822	lidar	4.50786	-25.9974	-3.24722	-26.2453	-3.41381	-1.4322	4.59081
1477010462350000	-26.3146	-3.11623	4.87445	1.81963	-0.619236	radar	0.657328	-26.2976	-3.01078	-26.3138	-3.18332	-1.30729	4.62954
1477010462400000	-26.3406	-2.8789	4.85881	1.7792	-0.629003	lidar	1.45598	-26.1741	-2.87885	-26.376	-2.95098	-1.18162	4.66493
1477010462450000	-26.3979	-2.65137	4.84985	1.75485	-0.619361	radar	1.33175	-26.4681	-3.44967	-26.4319	-2.71697	-1.05529	4.69696
1477010462500000	-26.4753	-2.49011	4.76491	1.74624	-0.600048	lidar	5.68009	-26.674	-2.73852	-26.4815	-2.48143	-0.928411	4.72562
1477010462550000	-26.5297	-2.25473	4.77149	1.7273	-0.580792	radar	0.91647	-26.657	-1.72382	-26.5247	-2.24456	-0.80109	4.75091
1477010462600000	-26.58	-2.05526	4.72919	1.70787	-0.572651	lidar	1.23016	-26.6691	-2.17333	-26.5616	-2.0065	-0.673434	4.77284
1477010462650000	-26.6104	-1.81853	4.7315	1.68641	-0.555748	radar	1.9774	-26.3248	-1.32261	-26.5921	-1.76744	-0.545553	4.79141
1477010462700000	-26.6083	-1.57104	4.73951	1.64874	-0.565225	lidar	1.13889	-26.4671	-1.53207	-26.6161	-1.52753	-0.417552	4.80664
1477010462750000	-26.606	-1.33925	4.73011	1.60803	-0.587596	radar	1.72381	-26.4998	-2.19526	-26.6338	-1.28695	-0.289538	4.81852
1477010462800000	-26.6096	-1.11223	4.71694	1.57874	-0.587874	lidar	0.0590947	-26.5998	-1.14277	-26.6451	-1.04586	-0.161616	4.8271
1477010462850000	-26.6383	-0.886129	4.70961	1.56236	-0.572445	radar	5.13265	-27.2008	-1.67679	-26.65	-0.804425	-0.0338883	4.83238
1477010462900000	-26.6488	-0.638058	4.73031	1.53857	-0.567127	lidar	0.500285	-26.7355	-0.59539	-26.6485	-0.562811	0.0935412	4.83439
1477010462950000	-26.6365	-0.396329	4.74156	1.50199	-0.585653	radar	2.25587	-26.9891	0.0351487	-26.6406	-0.321181	0.220572	4.83317
1477010463000000	-26.5912	-0.108649	4.80991	1.46226	-0.59406	lidar	2.62969	-26.4553	0.0602653	-26.6264	-0.0796947	0.347104	4.82874
1477010463050000	-26.5716	0.130119	4.81312	1.43305	-0.597824	radar	2.75606	-26.9537	0.136943	-26.6059	0.161489	0.473041	4.82116
1477010463100000	-26.548	0.41642	4.8813	1.40734	-0.59184	lidar	1.74711	-26.6201	0.57588	-26.5792	0.402213	0.598287	4.81045
1477010463150000	-26.535	0.653534	4.87181	1.39614	-0.562693	radar	1.76537	-26.8241	0.381506	-26.5462	0.642323	0.722748	4.79667
1477010463200000	-26.5267	0.931669	4.92538	1.38151	-0.548059	lidar	3.12607	-26.7293	1.06082	-26.5069	0.881666	0.846334	4.77986
1477010463250000	-26.4885	1.18696	4.93504	1.37184	-0.51083	radar	7.3515	-25.9562	2.60409	-26.4616	1.12009	0.968955	4.76007
1477010463300000	-26.4307	1.42675	4.93363	1.34422	-0.51289	lidar	0.0554404	-26.3986	1.42212	-26.4101	1.35745	1.09053	4.73737
1477010463350000	-26.3921	1.6468	4.89933	1.33148	-0.490985	radar	8.4264	-26.5072	-0.563928	-26.3526	1.59361	1.21096	4.71181
1477010463400000	-26.3358	1.86262	4.8693	1.3075	-0.491112	lidar	0.31	-26.3594	1.79315	-26.2891	1.82841	1.33018	4.68345
1477010463450000	-26.2687	2.09395	4.86684	1.28086	-0.495574	radar	0.185385	-26.3475	1.82827	-26.2197	2.06173	1.44811	4.65235
1477010463500000	-26.2051	2.29286	4.81948	1.25699	-0.495676	lidar	0.786611	-26.2502	2.18481	-26.1444	2.29342	1.56467	4.61859
1477010463550000	-26.1426	2.52099	4.80884	1.24532	-0.470915	radar	0.960892	-26.069	2.27896	-26.0633	2.52336	1.67979	4.58223
1477010463600000	-26.063	2.76167	4.82781	1.22284	-0.469496	lidar	0.119403	-26.0641	2.80701	-25.9765	2.75141	1.79339	4.54334
1477010463650000	-25.9694	2.98501	4.83671	1.18545	-0.498875	radar	2.71092	-26.3234	3.02388	-25.8841	2.97746	1.90543	4.502
1477010463700000	-25.8684	3.2579	4.90656	1.16276	-0.495333	lidar	1.59154	-25.8345	3.42005	-25.7861	3.20139	2.01582	4.45828
1477010463750000	-25.7858	3.48676	4.90801	1.14396	-0.489938	radar	2.16641	-26.1824	3.73376	-25.6826	3.42306	2.12452	4.41227
1477010463800000	-25.6796	3.69149	4.88558	1.11691	-0.492875	lidar	0.193344	-25.6666	3.63509	-25.5737	3.64239	2.23146	4.36404
1477010463850000	-25.5632	3.90014	4.87734	1.08734	-0.500312	radar	1.10883	-25.5773	3.13316	-25.4596	3.85924	2.3366	4.31367
1477010463900000	-25.495	4.08566	4.81988	1.07395	-0.490081	lidar	3.85041	-25.7492	3.99968	-25.3402	4.07353	2.43989	4.26125
1477010463950000	-25.372	4.28904	4.81432	1.04577	-0.49514	radar	0.601579	-25.3516	3.75691	-25.2157	4.28514	2.54127	4.20686
1477010464000000	-25.2132	4.50488	4.84256	1.01109	-0.504321	lidar	1.97199	-25.0214	4.52803	-25.0863	4.49399	2.64071	4.15058
1477010464050000	-25.0626	4.70174	4.83393	0.985901	-0.493842	radar	8.92499	-24.2719	4.30917	-24.9518	4.69998	2.73817	4.09251
1477010464100000	-24.9439	4.89679	4.81909	0.965742	-0.489696	lidar	0.458306	-25.0363	4.88499	-24.8126	4.90303	2.83361	4.03273
1477010464150000	-24.7881	5.08829	4.82049	0.936307	-0.493144	radar	2.29203	-24.3609	4.95947	-24.6686	5.10304	2.92701	3.97132
1477010464200000	-24.6209	5.29897	4.85609	0.908299	-0.495652	lidar	0.893907	-24.5041	5.35293	-24.5201	5.29995	3.01833	3.90839
1477010464250000	-24.4496	5.47795	4.86737	0.867558	-0.523063	radar	0.960349	-24.4379	5.24592	-24.367	5.49367	3.10754	3.84401
1477010464300000	-24.2635	5.65093	4.87125	0.831534	-0.532754	lidar	1.22939	-24.1159	5.61152	-24.2095	5.68414	3.19464	3.77827
1477010464350000	-24.0975	5.81433	4.86327	0.796706	-0.548897	radar	3.27278	-24.5638	4.75836	-24.0477	5.8713	3.27959	3.71127
1477010464400000	-23.9241	5.97569	4.85214	0.76671	-0.551727	lidar	0.0635023	-23.9153	5.94377	-23.8818	6.05508	3.36239	3.64309
1477010464450000	-23.7787	6.16103	4.81737	0.769816	-0.496059	radar	4.65459	-23.5491	6.44495	-23.7117	6.23542	3.44302	3.57383
1477010464500000	-23.6108	6.31733	4.80178	0.744719	-0.496781	lidar	0.111212	-23.6471	6.29102	-23.5377	6.41227	3.52148	3.50357
1477010464550000	-23.4612	6.49174	4.77982	0.738934	-0.466649	radar	1.93578	-23.7544	6.53746	-23.3598	6.58559	3.59775	3.4324
1477010464600000	-23.2386	6.7059	4.87567	0.718202	-0.461546	lidar	4.2385	-23.0099	6.86182	-23.1781	6.75533	3.67185	3.36041
1477010464650000	-23.0435	6.84859	4.85847	0.692825	-0.457931	radar	5.58127	-22.7862	5.74143	-22.9928	6.92146	3.74376	3.28768
1477010464700000	-22.8303	7.01885	4.8975	0.668391	-0.458528	lidar	1.02955	-22.6991	7.063	-22.804	7.08393	3.8135	3.21431
1477010464750000	-22.6192	7.15433	4.90382	0.634349	-0.473891	radar	1.45606	-22.418	6.76159	-22.6117	7.24273	3.88106	3.14038
1477010464800000	-22.4334	7.30048	4.89549	0.614706	-0.47004	lidar	0.305048	-22.5083	7.31524	-22.4161	7.39782	3.94647	3.06598
1477010464850000	-22.2058	7.42685	4.93313	0.569677	-0.508278	radar	2.52019	-22.0543	7.85452	-22.2173	7.54917	4.00974	2.99118
1477010464900000	-22.0247	7.58869	4.93805	0.559794	-0.492626	lidar	2.14485	-22.1947	7.69478	-22.0154	7.69679	4.07087	2.91607
1477010464950000	-21.8407	7.75598	4.92521	0.563077	-0.449399	radar	5.89163	-21.6178	9.0351	-21.8105	7.84064	4.12989	2.84074
1477010465000000	-21.6327	7.89877	4.93666	0.545105	-0.444612	lidar	0.111133	-21.6473	7.94	-21.6026	7.98072	4.18681	2.76526
1477010465050000	-21.4419	8.03327	4.91404	0.534288	-0.427429	radar	1.72061	-21.8637	7.78661	-21.392	8.11703	4.24166	2.68971
1477010465100000	-21.2137	8.0762	4.85749	0.48472	-0.456977	lidar	4.33247	-21.0853	7.83229	-21.1787	8.24957	4.29447	2.61417
1477010465150000	-21.0219	8.22893	4.83126	0.494931	-0.402115	radar	6.74246	-20.5503	9.28616	-20.9628	8.37833	4.34526	2.53871
1477010465200000	-20.8421	8.3794	4.82926	0.493492	-0.383279	lidar	3.24685	-21.0519	8.50983	-20.7444	8.50333	4.39406	2.46341
1477010465250000	-20.6027	8.4902	4.86981	0.462768	-0.403299	radar	4.19188	-19.9265	9.40847	-20.5237	8.62457	4.4409	2.38835
1477010465300000	-20.3548	8.62463	4.92343	0.446686	-0.398171	lidar	1.38433	-20.21	8.68914	-20.3006	8.74206	4.48582	2.31358
1477010465350000	-20.1561	8.75476	4.89088	0.451019	-0.357882	radar	2.18434	-20.2277	8.8532	-20.0753	8.85583	4.52884	2.23919
1477010465400000	-19.955	8.85806	4.86874	0.43598	-0.355376	lidar	0.618996	-20.0633	8.86724	-19.848	8.96589	4.57001	2.16524
1477010465450000	-19.7553	8.97793	4.83574	0.438327	-0.321159	radar	1.81621	-19.9264	8.78179	-19.6186	9.07227	4.60937	2.09179
1477010465500000	-19.5312	9.05145	4.81986	0.412161	-0.331614	lidar	0.522282	-19.4861	8.96665	-19.3873	9.17499	4.64694	2.01891
1477010465550000	-19.2931	9.1579	4.85209	0.395057	-0.334501	radar	4.35096	-18.5719	10.2069	-19.1542	9.27409	4.68278	1.94666
1477010465600000	-19.0091	9.24641	4.91612	0.368306	-0.343743	lidar	5.86588	-18.6786	9.19191	-18.9193	9.36959	4.71692	1.8751
1477010465650000	-18.7921	9.33089	4.90094	0.351941	-0.343626	radar	1.67468	-19.2825	8.98189	-18.6827	9.46154	4.7494	1.80429
1477010465700000	-18.5381	9.4319	4.94052	0.338011	-0.339757	lidar	0.785549	-18.4242	9.46852	-18.4446	9.54996	4.78028	1.73429
1477010465750000	-18.2743	9.46379	4.97287	0.287866	-0.389884	radar	5.64951	-18.1634	8.72444	-18.2049	9.63492	4.80959	1.66514
1477010465800000	-17.9871	9.59034	5.06724	0.283141	-0.37342	lidar	3.63475	-17.7736	9.72478	-17.9639	9.71643	4.83737	1.59691
1477010465850000	-17.743	9.67932	5.0579	0.280227	-0.345478	radar	2.92325	-17.2296	9.97767	-17.7214	9.79457	4.86368	1.52964
1477010465900000	-17.4696	9.78727	5.11791	0.274102	-0.333136	lidar	1.43216	-17.3436	9.88109	-17.4777	9.86936	4.88856	1.46338
1477010465950000	-17.2231	9.86231	5.12396	0.259716	-0.331593	radar	0.488214	-17.1554	10.212	-17.2328	9.94087	4.91205	1.39818
1477010466000000	-16.9525	9.98555	5.18587	0.262465	-0.310967	lidar	1.8042	-16.8876	10.145	-16.9868	10.0091	4.93421	1.33408
1477010466050000	-16.699	10.0512	5.18941	0.246743	-0.311078	radar	0.0712939	-16.5958	10.1078	-16.7396	10.0743	4.95507	1.27113
1477010466100000	-16.4502	10.1599	5.21203	0.248622	-0.293082	lidar	1.50085	-16.5153	10.3091	-16.4915	10.1362	4.97469	1.20937
1477010466150000	-16.1947	10.2268	5.22271	0.233429	-0.296324	radar	0.56968	-16.09	10.5824	-16.2424	10.1952	4.99311	1.14883
1477010466200000	-15.9556	10.257	5.18914	0.209682	-0.305773	lidar	0.473317	-16.006	10.1843	-15.9924	10.2511	5.01039	1.08956
1477010466250000	-15.7079	10.3221	5.17819	0.203361	-0.291339	radar	0.305339	-15.7234	10.41	-15.7416	10.3041	5.02655	1.03159
1477010466300000	-15.4816	10.3218	5.1188	0.172495	-0.30861	lidar	1.51858	-15.5699	10.1904	-15.4899	10.3543	5.04166	0.974957
1477010466350000	-15.1894	10.3439	5.18871	0.136314	-0.344495	radar	7.94119	-14.2385	10.9109	-15.2376	10.4016	5.05576	0.919692
1477010466400000	-14.9286	10.4005	5.20424	0.127427	-0.335754	lidar	0.304601	-14.9365	10.4722	-14.9846	10.4462	5.06889	0.865828
1477010466450000	-14.6829	10.4374	5.15462	0.126102	-0.302221	radar	6.45474	-14.724	9.63507	-14.7309	10.4882	5.0811	0.813394
1477010466500000	-14.4359	10.408	5.11805	0.0893337	-0.325067	lidar	2.05508	-14.4088	10.222	-14.4766	10.5276	5.09243	0.762418
1477010466550000	-14.1754	10.4338	5.12158	0.0765382	-0.318736	radar	0.587763	-13.9005	10.5238	-14.2218	10.5645	5.10293	0.712926
1477010466600000	-13.8757	10.5772	5.22578	0.105817	-0.270144	lidar	8.17777	-13.8049	10.9383	-13.9665	10.5989	5.11263	0.664944
1477010466650000	-13.6208	10.638	5.20273	0.116749	-0.229141	radar	2.401	-13.3956	10.7857	-13.7107	10.631	5.12159	0.618496
1477010466700000	-13.3672	10.6392	5.18668	0.0951238	-0.239882	lidar	0.451674	-13.3556	10.5517	-13.4545	10.6608	5.12983	0.573603
1477010466750000	-13.1045	10.6656	5.19443	0.0839496	-0.239297	radar	0.209713	-12.9374	10.8137	-13.1979	10.6884	5.13741	0.530288
1477010466800000	-12.8489	10.7578	5.21494	0.09878	-0.211376	lidar	4.18418	-12.9591	11.0099	-12.9409	10.7138	5.14436	0.48857
1477010466850000	-12.5849	10.8088	5.21959	0.102136	-0.191075	radar	1.57485	-12.2518	11.2495	-12.6836	10.7373	5.15071	0.448467
1477010466900000	-12.3453	10.7787	5.1755	0.0726015	-0.21196	lidar	1.74918	-12.3713	10.6091	-12.426	10.7587	5.15651	0.409997
1477010466950000	-12.088	10.8168	5.16555	0.0759019	-0.188938	radar	0.79972	-11.9352	10.9161	-12.1681	10.7783	5.16179	0.373177
1477010467000000	-11.84	10.8795	5.16736	0.0828979	-0.172004	lidar	2.1879	-11.9451	11.0515	-11.91	10.7961	5.16658	0.338022
1477010467050000	-11.5645	10.9007	5.18924	0.0751582	-0.169759	radar	2.65713	-10.9703	10.9676	-11.6516	10.8121	5.17092	0.304546
1477010467100000	-11.3319	10.9163	5.15434	0.0660677	-0.170521	lidar	0.83711	-11.4548	10.9407	-11.393	10.8265	5.17484	0.272761
1477010467150000	-11.0678	10.8527	5.1932	0.00480608	-0.257254	radar	9.48736	-11.3472	10.5111	-11.1342	10.8394	5.17836	0.242681
1477010467200000	-10.7788	10.8253	5.22449	-0.0181926	-0.267439	lidar	2.72259	-10.6009	10.6823	-10.8753	10.8509	5.18153	0.214317
1477010467250000	-10.5227	10.8218	5.21751	-0.0299933	-0.265172	radar	0.166034	-10.6563	10.8369	-10.6161	10.8609	5.18435	0.187679
1477010467300000	-10.2874	10.818	5.18556	-0.0412382	-0.263381	lidar	1.01417	-10.4142	10.8747	-10.3569	10.8697	5.18687	0.162776
1477010467350000	-10.0373	10.8718	5.14088	-0.0120851	-0.194378	radar	6.68964	-9.90413	11.2255	-10.0976	10.8772	5.1891	0.139618
1477010467400000	-9.77805	10.9161	5.15468	-0.00385922	-0.175638	lidar	2.09477	-9.83445	11.1032	-9.83809	10.8837	5.19106	0.118212
1477010467450000	-9.54348	10.9	5.11617	-0.0159061	-0.176231	radar	4.04353	-10.195	10.3498	-9.57852	10.8891	5.19278	0.0985664
1477010467500000	-9.28409	10.9238	5.12711	-0.0140725	-0.165195	lidar	0.708567	-9.3066	11.0348	-9.31887	10.8936	5.19428	0.0806865
1477010467550000	-9.03603	10.9064	5.10525	-0.0232022	-0.160735	radar	2.70194	-9.2226	10.3527	-9.05915	10.8972	5.19557	0.0645787
1477010467600000	-8.77372	10.9349	5.12174	-0.0182179	-0.14731	lidar	1.03727	-8.78899	11.0707	-8.79937	10.9001	5.19667	0.050248
1477010467650000	-8.53081	10.8952	5.09508	-0.0368674	-0.156979	radar	6.43148	-8.83914	10.0319	-8.53953	10.9023	5.19759	0.0376992
1477010467700000	-8.35522	10.8212	4.97786	-0.0693705	-0.182479	lidar	5.7072	-8.62045	10.6577	-8.27965	10.9039	5.19835	0.0269359
1477010467750000	-8.10281	10.8345	4.97317	-0.0600738	-0.154179	radar	1.56329	-7.91543	11.1157	-8.01974	10.905	5.19896	0.0179617
1477010467800000	-7.77956	10.8719	5.08285	-0.0463649	-0.131758	lidar	4.909	-7.51971	11.0005	-7.75979	10.9057	5.19942	0.0107791
1477010467850000	-7.51748	10.8729	5.0801	-0.0392717	-0.106052	radar	2.24028	-7.25987	10.6458	-7.49981	10.9061	5.19975	0.00539029
1477010467900000	-7.24471	10.8581	5.10546	-0.045566	-0.107022	lidar	0.513082	-7.15631	10.815	-7.23983	10.9063	5.19994	0.00179692
1477010467950000	-7.00442	10.8922	5.06715	-0.0201653	-0.0560718	radar	4.33992	-7.39396	11.0181	-6.97983	10.9064	5.2	-7.84874e-15
